57921642 1 3 1 1
58466281 2 1 1 1
57877359 1 1 1 17
58944614 2 1 1 8
59204361 2 1 1 26
57666768 1 1 1 19
59301593 2 1 1 20
57856987 2 1 1 32
58365583 1 1 1 16
59383157 2 1 1 20
57662277 2 1 1 20
59274856 1 1 1 16
57890411 2 1 1 36
58258477 2 1 1 27
58257308 2 1 1 33
58753575 1 4 2 13
57878214 2 1 1 14
58326648 2 1 1 1
173375775 1 1 1 9
173481051 1 1 3 36
173367753 2 1 1 19
173116748 1 1 1 18
173521612 1 1 1 31
174235037 1 1 1 19
174349793 1 1 1 29
173192449 2 4 2 35
174105417 2 1 1 13
173466360 1 1 1 34
173333451 2 1 2 13
173477108 2 1 1 7
173477108 2 1 2 26
174446853 2 1 2 35
172967660 2 2 1 2
174390708 1 4 2 21
174290247 2 1 1 4
246006063 2 1 1 4
246953542 1 2 2 8
247382124 2 1 1 27
245860871 2 4 2 2
246324578 1 1 1 31
246299206 1 4 1 4
245986843 1 3 1 4
247120818 2 1 1 35
247262151 1 2 1 3
246477133 2 1 1 12
246928513 2 1 1 3
246756095 1 1 1 30
246155738 2 1 1 18
247686214 2 1 2 6
247587999 2 1 1 5
439889374 2 1 2 25
440038614 2 2 2 36
440324887 1 4 1 1
438971895 2 1 1 18
439536630 2 1 1 35
438935383 2 1 1 22
439336992 2 1 2 23
439336992 2 1 2 24
438547211 2 1 1 4
439715976 1 1 1 2
438635769 1 1 1 7
440107855 2 1 1 33
439827508 2 2 2 10
479152365 2 4 1 16
480236556 2 1 1 15
479594474 1 1 1 4
479599958 1 4 2 19
480364263 1 4 1 13
478900183 2 4 2 11
480419657 2 2 1 9
479016728 1 1 1 36
480152920 1 1 1 11
480279074 2 1 1 12
480279074 2 1 1 13
479475854 1 4 1 18
478649492 2 1 1 11
479451880 2 1 1 33
479318587 2 1 1 4
479260318 2 1 2 21
